1.000000000000000000e+00
1.000000000000000000e+00
1.000000000000000000e+00
1.000000000000000000e+00
1.000000000000000000e+00
1.000000000000000000e+00
1.000000000000000000e+00
1.000000000000000000e+00
-1.000000000000000000e+00
1.000000000000000000e+00
1.000000000000000000e+00
-1.000000000000000000e+00
-1.000000000000000000e+00
-1.000000000000000000e+00
1.000000000000000000e+00
1.000000000000000000e+00
1.000000000000000000e+00
1.000000000000000000e+00
-1.000000000000000000e+00
-1.000000000000000000e+00
1.000000000000000000e+00
1.000000000000000000e+00
1.000000000000000000e+00
-1.000000000000000000e+00
1.000000000000000000e+00
1.000000000000000000e+00
-1.000000000000000000e+00
1.000000000000000000e+00
-1.000000000000000000e+00
1.000000000000000000e+00
-1.000000000000000000e+00
1.000000000000000000e+00
-1.000000000000000000e+00
1.000000000000000000e+00
1.000000000000000000e+00
-1.000000000000000000e+00
-1.000000000000000000e+00
1.000000000000000000e+00
1.000000000000000000e+00
1.000000000000000000e+00
1.000000000000000000e+00
1.000000000000000000e+00
1.000000000000000000e+00
1.000000000000000000e+00
1.000000000000000000e+00
-1.000000000000000000e+00
-1.000000000000000000e+00
-1.000000000000000000e+00
1.000000000000000000e+00
-1.000000000000000000e+00
1.000000000000000000e+00
1.000000000000000000e+00
1.000000000000000000e+00
-1.000000000000000000e+00
-1.000000000000000000e+00
-1.000000000000000000e+00
-1.000000000000000000e+00
1.000000000000000000e+00
-1.000000000000000000e+00
-1.000000000000000000e+00
1.000000000000000000e+00
1.000000000000000000e+00
1.000000000000000000e+00
-1.000000000000000000e+00
-1.000000000000000000e+00
1.000000000000000000e+00
-1.000000000000000000e+00
1.000000000000000000e+00
1.000000000000000000e+00
-1.000000000000000000e+00
1.000000000000000000e+00
-1.000000000000000000e+00
-1.000000000000000000e+00
1.000000000000000000e+00
-1.000000000000000000e+00
1.000000000000000000e+00
1.000000000000000000e+00
1.000000000000000000e+00
1.000000000000000000e+00
-1.000000000000000000e+00
-1.000000000000000000e+00
1.000000000000000000e+00
1.000000000000000000e+00
1.000000000000000000e+00
1.000000000000000000e+00
1.000000000000000000e+00
-1.000000000000000000e+00
1.000000000000000000e+00
1.000000000000000000e+00
1.000000000000000000e+00
1.000000000000000000e+00
1.000000000000000000e+00
1.000000000000000000e+00
-1.000000000000000000e+00
-1.000000000000000000e+00
-1.000000000000000000e+00
1.000000000000000000e+00
1.000000000000000000e+00
-1.000000000000000000e+00
1.000000000000000000e+00
-1.000000000000000000e+00
1.000000000000000000e+00
-1.000000000000000000e+00
-1.000000000000000000e+00
-1.000000000000000000e+00
1.000000000000000000e+00
1.000000000000000000e+00
-1.000000000000000000e+00
-1.000000000000000000e+00
1.000000000000000000e+00
1.000000000000000000e+00
-1.000000000000000000e+00
1.000000000000000000e+00
1.000000000000000000e+00
1.000000000000000000e+00
-1.000000000000000000e+00
-1.000000000000000000e+00
-1.000000000000000000e+00
1.000000000000000000e+00
1.000000000000000000e+00
1.000000000000000000e+00
1.000000000000000000e+00
-1.000000000000000000e+00
1.000000000000000000e+00
-1.000000000000000000e+00
-1.000000000000000000e+00
1.000000000000000000e+00
-1.000000000000000000e+00
1.000000000000000000e+00
-1.000000000000000000e+00
-1.000000000000000000e+00
-1.000000000000000000e+00
1.000000000000000000e+00
2.416512762004198456e-02
2.228982058143949736e-03
-4.366795842595097565e-03
2.395542539589692551e-04
2.842747595650230706e-04
8.721656666778186857e-04
1.543544483627178445e-03
6.353185718985698144e-03
-1.440807262923067978e-03
1.543850855966729697e-02
-5.041856209454935109e-03
-6.754753846629460434e-02
-1.149589389434835761e-02
3.034966590296421865e-02
-3.670886201104980699e-03
2.367655808714922913e-02
1.167624641463254134e-02
9.610066938251267052e-03
3.098205515074028277e-02
-5.266390552663141079e-03
4.497476567491698329e-02
-8.508180420219280116e-03
-1.453190053528869985e-01
-2.591892152101874652e-02
5.056683199187613637e-02
-5.002875462262704187e-03
2.867389583562453964e-02
1.362554968467947179e-02
8.066363072968962475e-03
2.458494651402041639e-02
-3.253354400538927080e-03
2.125747642034604354e-02
-1.487560532169412888e-03
-2.595814961766766335e-02
-2.502615868295208438e-04
-9.354617935871367349e-03
1.861401966233017366e-03
-1.817691199496962798e-02
-1.415491868757178494e-02
-9.915264703938709429e-03
-4.768174742133526184e-02
8.396407901497730461e-03
-8.171535187386987087e-02
8.654958632247546774e-04
3.536699916667462862e-01
9.624773204145840866e-02
-1.622439642850568298e-01
1.487871080566922043e-02
-1.072223162068771801e-01
-7.211388448433914133e-02
-3.496250603232403664e-02
-1.648034130291400057e-01
2.372876427510041755e-02
-2.136722141554849852e-01
-1.903997545497827099e-02
8.016389006482690371e-01
2.306702399179964280e-01
-3.259441177622466879e-01
2.432040652997431718e-02
-1.815622843114327312e-01
-1.278781539611275886e-01
-4.885482188736062908e-02
-2.509536271760662296e-01
3.118090852145294356e-02
-2.816373605235923394e-01
-5.205968617962012518e-02
1.000000000000000000e+00
3.105167792959937501e-01
-3.814689586235606167e-01
2.258283969065376026e-02
-1.861653930232514687e-01
-1.392449895500913193e-01
-4.214606545468196908e-02
-2.400345851852810630e-01
2.520425402422618935e-02
-2.357912119663358730e-01
-6.572084864304678087e-02
7.969561774925074671e-01
2.644828893494815536e-01
-2.840542047734901931e-01
1.232530022513428358e-02
-1.200351372579744336e-01
-9.451289458543704614e-02
-2.223611369806935065e-02
-1.398260692511468506e-01
1.174330143984012725e-02
-1.157160461269177293e-01
-4.190885459489462200e-02
3.531102008202881559e-01
1.198849808632780206e-01
-1.083197338180137276e-01
2.825571767698122332e-03
-3.490552267554750121e-02
-2.641681347497210064e-02
-4.232150753070140596e-03
-2.501428931127164940e-02
1.219047137542152159e-03
-8.333674333772394388e-03
-8.427114537573950504e-04
-1.775756867476239315e-02
-1.673502153729998151e-02
2.393154548844496701e-02
-4.211439857995846118e-04
1.569373533193418185e-02
1.835501565841708357e-02
3.301816982641667206e-03
3.385452457329687914e-02
-1.884399258546279798e-03
3.244945173933090621e-02
2.148447255230444969e-02
-1.350145218855056117e-01
-6.200794786211311777e-02
5.399530606178130215e-02
2.484063349465148664e-04
2.018018348551231869e-02
2.178609483973972111e-02
2.630729705118385608e-03
2.834236306416084566e-02
-8.079852797872321161e-04
1.954510132340984280e-02
1.375948744341340228e-02
-6.433948646960842288e-02
-2.772096674194154259e-02
1.898172822450666999e-02
3.750683118534209022e-04
4.331032061992908487e-03
3.763310264119377590e-03
2.138881668646271464e-04
9.345102820960889426e-04
7.773088771550506392e-06
-2.224968302147664438e-03
-3.293012932315125384e-03
2.027015623746784151e-02
-2.416512762004198456e-02
-2.228982058143949736e-03
4.366795842595097565e-03
-2.395542539589692551e-04
-2.842747595650230706e-04
-8.721656666778186857e-04
-1.543544483627178445e-03
-6.353185718985698144e-03
1.440807262923067978e-03
-1.543850855966729697e-02
5.041856209454935109e-03
6.754753846629460434e-02
1.149589389434835761e-02
-3.034966590296421865e-02
3.670886201104980699e-03
-2.367655808714922913e-02
-1.167624641463254134e-02
-9.610066938251267052e-03
-3.098205515074028277e-02
5.266390552663141079e-03
-4.497476567491698329e-02
8.508180420219280116e-03
1.453190053528869985e-01
2.591892152101874652e-02
-5.056683199187613637e-02
5.002875462262704187e-03
-2.867389583562453964e-02
-1.362554968467947179e-02
-8.066363072968962475e-03
-2.458494651402041639e-02
3.253354400538927080e-03
-2.125747642034604354e-02
1.487560532169412888e-03
2.595814961766766335e-02
2.502615868295208438e-04
9.354617935871367349e-03
-1.861401966233017366e-03
1.817691199496962798e-02
1.415491868757178494e-02
9.915264703938709429e-03
4.768174742133526184e-02
-8.396407901497730461e-03
8.171535187386987087e-02
-8.654958632247546774e-04
-3.536699916667462862e-01
-9.624773204145840866e-02
1.622439642850568298e-01
-1.487871080566922043e-02
1.072223162068771801e-01
7.211388448433914133e-02
3.496250603232403664e-02
1.648034130291400057e-01
-2.372876427510041755e-02
2.136722141554849852e-01
1.903997545497827099e-02
-8.016389006482690371e-01
-2.306702399179964280e-01
3.259441177622466879e-01
-2.432040652997431718e-02
1.815622843114327312e-01
1.278781539611275886e-01
4.885482188736062908e-02
2.509536271760662296e-01
-3.118090852145294356e-02
2.816373605235923394e-01
5.205968617962012518e-02
-1.000000000000000000e+00
-3.105167792959937501e-01
3.814689586235606167e-01
-2.258283969065376026e-02
1.861653930232514687e-01
1.392449895500913193e-01
4.214606545468196908e-02
2.400345851852810630e-01
-2.520425402422618935e-02
2.357912119663358730e-01
6.572084864304678087e-02
-7.969561774925074671e-01
-2.644828893494815536e-01
2.840542047734901931e-01
-1.232530022513428358e-02
1.200351372579744336e-01
9.451289458543704614e-02
2.223611369806935065e-02
1.398260692511468506e-01
-1.174330143984012725e-02
1.157160461269177293e-01
4.190885459489462200e-02
-3.531102008202881559e-01
-1.198849808632780206e-01
1.083197338180137276e-01
-2.825571767698122332e-03
3.490552267554750121e-02
2.641681347497210064e-02
4.232150753070140596e-03
2.501428931127164940e-02
-1.219047137542152159e-03
8.333674333772394388e-03
8.427114537573950504e-04
1.775756867476239315e-02
1.673502153729998151e-02
-2.393154548844496701e-02
4.211439857995846118e-04
-1.569373533193418185e-02
-1.835501565841708357e-02
-3.301816982641667206e-03
-3.385452457329687914e-02
1.884399258546279798e-03
-3.244945173933090621e-02
-2.148447255230444969e-02
1.350145218855056117e-01
6.200794786211311777e-02
-5.399530606178130215e-02
-2.484063349465148664e-04
-2.018018348551231869e-02
-2.178609483973972111e-02
-2.630729705118385608e-03
-2.834236306416084566e-02
8.079852797872321161e-04
-1.954510132340984280e-02
-1.375948744341340228e-02
6.433948646960842288e-02
2.772096674194154259e-02
-1.898172822450666999e-02
-3.750683118534209022e-04
-4.331032061992908487e-03
-3.763310264119377590e-03
-2.138881668646271464e-04
-9.345102820960889426e-04
-7.773088771550506392e-06
2.224968302147664438e-03
3.293012932315125384e-03
-2.027015623746784151e-02
-2.416512762004198456e-02
-2.228982058143949736e-03
4.366795842595097565e-03
-2.395542539589692551e-04
-2.842747595650230706e-04
-8.721656666778186857e-04
-1.543544483627178445e-03
-6.353185718985698144e-03
1.440807262923067978e-03
-1.543850855966729697e-02
5.041856209454935109e-03
6.754753846629460434e-02
1.149589389434835761e-02
-3.034966590296421865e-02
3.670886201104980699e-03
-2.367655808714922913e-02
-1.167624641463254134e-02
-9.610066938251267052e-03
-3.098205515074028277e-02
5.266390552663141079e-03
-4.497476567491698329e-02
8.508180420219280116e-03
1.453190053528869985e-01
2.591892152101874652e-02
-5.056683199187613637e-02
5.002875462262704187e-03
-2.867389583562453964e-02
-1.362554968467947179e-02
-8.066363072968962475e-03
-2.458494651402041639e-02
3.253354400538927080e-03
-2.125747642034604354e-02
1.487560532169412888e-03
2.595814961766766335e-02
2.502615868295208438e-04
9.354617935871367349e-03
-1.861401966233017366e-03
1.817691199496962798e-02
1.415491868757178494e-02
9.915264703938709429e-03
4.768174742133526184e-02
-8.396407901497730461e-03
8.171535187386987087e-02
-8.654958632247546774e-04
-3.536699916667462862e-01
-9.624773204145840866e-02
1.622439642850568298e-01
-1.487871080566922043e-02
1.072223162068771801e-01
7.211388448433914133e-02
3.496250603232403664e-02
1.648034130291400057e-01
-2.372876427510041755e-02
2.136722141554849852e-01
1.903997545497827099e-02
-8.016389006482690371e-01
-2.306702399179964280e-01
3.259441177622466879e-01
-2.432040652997431718e-02
1.815622843114327312e-01
1.278781539611275886e-01
4.885482188736062908e-02
2.509536271760662296e-01
-3.118090852145294356e-02
2.816373605235923394e-01
5.205968617962012518e-02
-1.000000000000000000e+00
-3.105167792959937501e-01
3.814689586235606167e-01
-2.258283969065376026e-02
1.861653930232514687e-01
1.392449895500913193e-01
4.214606545468196908e-02
2.400345851852810630e-01
-2.520425402422618935e-02
2.357912119663358730e-01
6.572084864304678087e-02
-7.969561774925074671e-01
-2.644828893494815536e-01
2.840542047734901931e-01
-1.232530022513428358e-02
1.200351372579744336e-01
9.451289458543704614e-02
2.223611369806935065e-02
1.398260692511468506e-01
-1.174330143984012725e-02
1.157160461269177293e-01
4.190885459489462200e-02
-3.531102008202881559e-01
-1.198849808632780206e-01
1.083197338180137276e-01
-2.825571767698122332e-03
3.490552267554750121e-02
2.641681347497210064e-02
4.232150753070140596e-03
2.501428931127164940e-02
-1.219047137542152159e-03
8.333674333772394388e-03
8.427114537573950504e-04
1.775756867476239315e-02
1.673502153729998151e-02
-2.393154548844496701e-02
4.211439857995846118e-04
-1.569373533193418185e-02
-1.835501565841708357e-02
-3.301816982641667206e-03
-3.385452457329687914e-02
1.884399258546279798e-03
-3.244945173933090621e-02
-2.148447255230444969e-02
1.350145218855056117e-01
6.200794786211311777e-02
-5.399530606178130215e-02
-2.484063349465148664e-04
-2.018018348551231869e-02
-2.178609483973972111e-02
-2.630729705118385608e-03
-2.834236306416084566e-02
8.079852797872321161e-04
-1.954510132340984280e-02
-1.375948744341340228e-02
6.433948646960842288e-02
2.772096674194154259e-02
-1.898172822450666999e-02
-3.750683118534209022e-04
-4.331032061992908487e-03
-3.763310264119377590e-03
-2.138881668646271464e-04
-9.345102820960889426e-04
-7.773088771550506392e-06
2.224968302147664438e-03
3.293012932315125384e-03
-2.027015623746784151e-02
2.416512762004198456e-02
2.228982058143949736e-03
-4.366795842595097565e-03
2.395542539589692551e-04
2.842747595650230706e-04
8.721656666778186857e-04
1.543544483627178445e-03
6.353185718985698144e-03
-1.440807262923067978e-03
1.543850855966729697e-02
-5.041856209454935109e-03
-6.754753846629460434e-02
-1.149589389434835761e-02
3.034966590296421865e-02
-3.670886201104980699e-03
2.367655808714922913e-02
1.167624641463254134e-02
9.610066938251267052e-03
3.098205515074028277e-02
-5.266390552663141079e-03
4.497476567491698329e-02
-8.508180420219280116e-03
-1.453190053528869985e-01
-2.591892152101874652e-02
5.056683199187613637e-02
-5.002875462262704187e-03
2.867389583562453964e-02
1.362554968467947179e-02
8.066363072968962475e-03
2.458494651402041639e-02
-3.253354400538927080e-03
2.125747642034604354e-02
-1.487560532169412888e-03
-2.595814961766766335e-02
-2.502615868295208438e-04
-9.354617935871367349e-03
1.861401966233017366e-03
-1.817691199496962798e-02
-1.415491868757178494e-02
-9.915264703938709429e-03
-4.768174742133526184e-02
8.396407901497730461e-03
-8.171535187386987087e-02
8.654958632247546774e-04
3.536699916667462862e-01
9.624773204145840866e-02
-1.622439642850568298e-01
1.487871080566922043e-02
-1.072223162068771801e-01
-7.211388448433914133e-02
-3.496250603232403664e-02
-1.648034130291400057e-01
2.372876427510041755e-02
-2.136722141554849852e-01
-1.903997545497827099e-02
8.016389006482690371e-01
2.306702399179964280e-01
-3.259441177622466879e-01
2.432040652997431718e-02
-1.815622843114327312e-01
-1.278781539611275886e-01
-4.885482188736062908e-02
-2.509536271760662296e-01
3.118090852145294356e-02
-2.816373605235923394e-01
-5.205968617962012518e-02
1.000000000000000000e+00
3.105167792959937501e-01
-3.814689586235606167e-01
2.258283969065376026e-02
-1.861653930232514687e-01
-1.392449895500913193e-01
-4.214606545468196908e-02
-2.400345851852810630e-01
2.520425402422618935e-02
-2.357912119663358730e-01
-6.572084864304678087e-02
7.969561774925074671e-01
2.644828893494815536e-01
-2.840542047734901931e-01
1.232530022513428358e-02
-1.200351372579744336e-01
-9.451289458543704614e-02
-2.223611369806935065e-02
-1.398260692511468506e-01
1.174330143984012725e-02
-1.157160461269177293e-01
-4.190885459489462200e-02
3.531102008202881559e-01
1.198849808632780206e-01
-1.083197338180137276e-01
2.825571767698122332e-03
-3.490552267554750121e-02
-2.641681347497210064e-02
-4.232150753070140596e-03
-2.501428931127164940e-02
1.219047137542152159e-03
-8.333674333772394388e-03
-8.427114537573950504e-04
-1.775756867476239315e-02
-1.673502153729998151e-02
2.393154548844496701e-02
-4.211439857995846118e-04
1.569373533193418185e-02
1.835501565841708357e-02
3.301816982641667206e-03
3.385452457329687914e-02
-1.884399258546279798e-03
3.244945173933090621e-02
2.148447255230444969e-02
-1.350145218855056117e-01
-6.200794786211311777e-02
5.399530606178130215e-02
2.484063349465148664e-04
2.018018348551231869e-02
2.178609483973972111e-02
2.630729705118385608e-03
2.834236306416084566e-02
-8.079852797872321161e-04
1.954510132340984280e-02
1.375948744341340228e-02
-6.433948646960842288e-02
-2.772096674194154259e-02
1.898172822450666999e-02
3.750683118534209022e-04
4.331032061992908487e-03
3.763310264119377590e-03
2.138881668646271464e-04
9.345102820960889426e-04
7.773088771550506392e-06
-2.224968302147664438e-03
-3.293012932315125384e-03
2.027015623746784151e-02
2.416512762004198456e-02
2.228982058143949736e-03
-4.366795842595097565e-03
2.395542539589692551e-04
2.842747595650230706e-04
8.721656666778186857e-04
1.543544483627178445e-03
6.353185718985698144e-03
-1.440807262923067978e-03
1.543850855966729697e-02
-5.041856209454935109e-03
-6.754753846629460434e-02
-1.149589389434835761e-02
3.034966590296421865e-02
-3.670886201104980699e-03
2.367655808714922913e-02
1.167624641463254134e-02
9.610066938251267052e-03
3.098205515074028277e-02
-5.266390552663141079e-03
4.497476567491698329e-02
-8.508180420219280116e-03
-1.453190053528869985e-01
-2.591892152101874652e-02
5.056683199187613637e-02
-5.002875462262704187e-03
2.867389583562453964e-02
1.362554968467947179e-02
8.066363072968962475e-03
2.458494651402041639e-02
-3.253354400538927080e-03
2.125747642034604354e-02
-1.487560532169412888e-03
-2.595814961766766335e-02
-2.502615868295208438e-04
-9.354617935871367349e-03
1.861401966233017366e-03
-1.817691199496962798e-02
-1.415491868757178494e-02
-9.915264703938709429e-03
-4.768174742133526184e-02
8.396407901497730461e-03
-8.171535187386987087e-02
8.654958632247546774e-04
3.536699916667462862e-01
9.624773204145840866e-02
-1.622439642850568298e-01
1.487871080566922043e-02
-1.072223162068771801e-01
-7.211388448433914133e-02
-3.496250603232403664e-02
-1.648034130291400057e-01
2.372876427510041755e-02
-2.136722141554849852e-01
-1.903997545497827099e-02
8.016389006482690371e-01
2.306702399179964280e-01
-3.259441177622466879e-01
2.432040652997431718e-02
-1.815622843114327312e-01
-1.278781539611275886e-01
-4.885482188736062908e-02
-2.509536271760662296e-01
3.118090852145294356e-02
-2.816373605235923394e-01
-5.205968617962012518e-02
1.000000000000000000e+00
3.105167792959937501e-01
-3.814689586235606167e-01
2.258283969065376026e-02
-1.861653930232514687e-01
-1.392449895500913193e-01
-4.214606545468196908e-02
-2.400345851852810630e-01
2.520425402422618935e-02
-2.357912119663358730e-01
-6.572084864304678087e-02
7.969561774925074671e-01
2.644828893494815536e-01
-2.840542047734901931e-01
1.232530022513428358e-02
-1.200351372579744336e-01
-9.451289458543704614e-02
-2.223611369806935065e-02
-1.398260692511468506e-01
1.174330143984012725e-02
-1.157160461269177293e-01
-4.190885459489462200e-02
3.531102008202881559e-01
1.198849808632780206e-01
-1.083197338180137276e-01
2.825571767698122332e-03
-3.490552267554750121e-02
-2.641681347497210064e-02
-4.232150753070140596e-03
-2.501428931127164940e-02
1.219047137542152159e-03
-8.333674333772394388e-03
-8.427114537573950504e-04
-1.775756867476239315e-02
-1.673502153729998151e-02
2.393154548844496701e-02
-4.211439857995846118e-04
1.569373533193418185e-02
1.835501565841708357e-02
3.301816982641667206e-03
3.385452457329687914e-02
-1.884399258546279798e-03
3.244945173933090621e-02
2.148447255230444969e-02
-1.350145218855056117e-01
-6.200794786211311777e-02
5.399530606178130215e-02
2.484063349465148664e-04
2.018018348551231869e-02
2.178609483973972111e-02
2.630729705118385608e-03
2.834236306416084566e-02
-8.079852797872321161e-04
1.954510132340984280e-02
1.375948744341340228e-02
-6.433948646960842288e-02
-2.772096674194154259e-02
1.898172822450666999e-02
3.750683118534209022e-04
4.331032061992908487e-03
3.763310264119377590e-03
2.138881668646271464e-04
9.345102820960889426e-04
7.773088771550506392e-06
-2.224968302147664438e-03
-3.293012932315125384e-03
2.027015623746784151e-02
2.416512762004198456e-02
2.228982058143949736e-03
-4.366795842595097565e-03
2.395542539589692551e-04
2.842747595650230706e-04
8.721656666778186857e-04
1.543544483627178445e-03
6.353185718985698144e-03
-1.440807262923067978e-03
1.543850855966729697e-02
-5.041856209454935109e-03
-6.754753846629460434e-02
-1.149589389434835761e-02
3.034966590296421865e-02
-3.670886201104980699e-03
2.367655808714922913e-02
1.167624641463254134e-02
9.610066938251267052e-03
3.098205515074028277e-02
-5.266390552663141079e-03
4.497476567491698329e-02
-8.508180420219280116e-03
-1.453190053528869985e-01
-2.591892152101874652e-02
5.056683199187613637e-02
-5.002875462262704187e-03
2.867389583562453964e-02
1.362554968467947179e-02
8.066363072968962475e-03
2.458494651402041639e-02
-3.253354400538927080e-03
2.125747642034604354e-02
-1.487560532169412888e-03
-2.595814961766766335e-02
-2.502615868295208438e-04
-9.354617935871367349e-03
1.861401966233017366e-03
-1.817691199496962798e-02
-1.415491868757178494e-02
-9.915264703938709429e-03
-4.768174742133526184e-02
8.396407901497730461e-03
-8.171535187386987087e-02
8.654958632247546774e-04
3.536699916667462862e-01
9.624773204145840866e-02
-1.622439642850568298e-01
1.487871080566922043e-02
-1.072223162068771801e-01
-7.211388448433914133e-02
-3.496250603232403664e-02
-1.648034130291400057e-01
2.372876427510041755e-02
-2.136722141554849852e-01
-1.903997545497827099e-02
8.016389006482690371e-01
2.306702399179964280e-01
-3.259441177622466879e-01
2.432040652997431718e-02
-1.815622843114327312e-01
-1.278781539611275886e-01
-4.885482188736062908e-02
-2.509536271760662296e-01
3.118090852145294356e-02
-2.816373605235923394e-01
-5.205968617962012518e-02
1.000000000000000000e+00
3.105167792959937501e-01
-3.814689586235606167e-01
2.258283969065376026e-02
-1.861653930232514687e-01
-1.392449895500913193e-01
-4.214606545468196908e-02
-2.400345851852810630e-01
2.520425402422618935e-02
-2.357912119663358730e-01
-6.572084864304678087e-02
7.969561774925074671e-01
2.644828893494815536e-01
-2.840542047734901931e-01
1.232530022513428358e-02
-1.200351372579744336e-01
-9.451289458543704614e-02
-2.223611369806935065e-02
-1.398260692511468506e-01
1.174330143984012725e-02
-1.157160461269177293e-01
-4.190885459489462200e-02
3.531102008202881559e-01
1.198849808632780206e-01
-1.083197338180137276e-01
2.825571767698122332e-03
-3.490552267554750121e-02
-2.641681347497210064e-02
-4.232150753070140596e-03
-2.501428931127164940e-02
1.219047137542152159e-03
-8.333674333772394388e-03
-8.427114537573950504e-04
-1.775756867476239315e-02
-1.673502153729998151e-02
2.393154548844496701e-02
-4.211439857995846118e-04
1.569373533193418185e-02
1.835501565841708357e-02
3.301816982641667206e-03
3.385452457329687914e-02
-1.884399258546279798e-03
3.244945173933090621e-02
2.148447255230444969e-02
-1.350145218855056117e-01
-6.200794786211311777e-02
5.399530606178130215e-02
2.484063349465148664e-04
2.018018348551231869e-02
2.178609483973972111e-02
2.630729705118385608e-03
2.834236306416084566e-02
-8.079852797872321161e-04
1.954510132340984280e-02
1.375948744341340228e-02
-6.433948646960842288e-02
-2.772096674194154259e-02
1.898172822450666999e-02
3.750683118534209022e-04
4.331032061992908487e-03
3.763310264119377590e-03
2.138881668646271464e-04
9.345102820960889426e-04
7.773088771550506392e-06
-2.224968302147664438e-03
-3.293012932315125384e-03
2.027015623746784151e-02
2.416512762004198456e-02
2.228982058143949736e-03
-4.366795842595097565e-03
2.395542539589692551e-04
2.842747595650230706e-04
8.721656666778186857e-04
1.543544483627178445e-03
6.353185718985698144e-03
-1.440807262923067978e-03
1.543850855966729697e-02
-5.041856209454935109e-03
-6.754753846629460434e-02
-1.149589389434835761e-02
3.034966590296421865e-02
-3.670886201104980699e-03
2.367655808714922913e-02
1.167624641463254134e-02
9.610066938251267052e-03
3.098205515074028277e-02
-5.266390552663141079e-03
4.497476567491698329e-02
-8.508180420219280116e-03
-1.453190053528869985e-01
-2.591892152101874652e-02
5.056683199187613637e-02
-5.002875462262704187e-03
2.867389583562453964e-02
1.362554968467947179e-02
8.066363072968962475e-03
2.458494651402041639e-02
-3.253354400538927080e-03
2.125747642034604354e-02
-1.487560532169412888e-03
-2.595814961766766335e-02
-2.502615868295208438e-04
-9.354617935871367349e-03
1.861401966233017366e-03
-1.817691199496962798e-02
-1.415491868757178494e-02
-9.915264703938709429e-03
-4.768174742133526184e-02
8.396407901497730461e-03
-8.171535187386987087e-02
8.654958632247546774e-04
3.536699916667462862e-01
9.624773204145840866e-02
-1.622439642850568298e-01
1.487871080566922043e-02
-1.072223162068771801e-01
-7.211388448433914133e-02
-3.496250603232403664e-02
-1.648034130291400057e-01
2.372876427510041755e-02
-2.136722141554849852e-01
-1.903997545497827099e-02
8.016389006482690371e-01
2.306702399179964280e-01
-3.259441177622466879e-01
2.432040652997431718e-02
-1.815622843114327312e-01
-1.278781539611275886e-01
-4.885482188736062908e-02
-2.509536271760662296e-01
3.118090852145294356e-02
-2.816373605235923394e-01
-5.205968617962012518e-02
1.000000000000000000e+00
3.105167792959937501e-01
-3.814689586235606167e-01
2.258283969065376026e-02
-1.861653930232514687e-01
-1.392449895500913193e-01
-4.214606545468196908e-02
-2.400345851852810630e-01
2.520425402422618935e-02
-2.357912119663358730e-01
-6.572084864304678087e-02
7.969561774925074671e-01
2.644828893494815536e-01
-2.840542047734901931e-01
1.232530022513428358e-02
-1.200351372579744336e-01
-9.451289458543704614e-02
-2.223611369806935065e-02
-1.398260692511468506e-01
1.174330143984012725e-02
-1.157160461269177293e-01
-4.190885459489462200e-02
3.531102008202881559e-01
1.198849808632780206e-01
-1.083197338180137276e-01
2.825571767698122332e-03
-3.490552267554750121e-02
-2.641681347497210064e-02
-4.232150753070140596e-03
-2.501428931127164940e-02
1.219047137542152159e-03
-8.333674333772394388e-03
-8.427114537573950504e-04
-1.775756867476239315e-02
-1.673502153729998151e-02
2.393154548844496701e-02
-4.211439857995846118e-04
1.569373533193418185e-02
1.835501565841708357e-02
3.301816982641667206e-03
3.385452457329687914e-02
-1.884399258546279798e-03
3.244945173933090621e-02
2.148447255230444969e-02
-1.350145218855056117e-01
-6.200794786211311777e-02
5.399530606178130215e-02
2.484063349465148664e-04
2.018018348551231869e-02
2.178609483973972111e-02
2.630729705118385608e-03
2.834236306416084566e-02
-8.079852797872321161e-04
1.954510132340984280e-02
1.375948744341340228e-02
-6.433948646960842288e-02
-2.772096674194154259e-02
1.898172822450666999e-02
3.750683118534209022e-04
4.331032061992908487e-03
3.763310264119377590e-03
2.138881668646271464e-04
9.345102820960889426e-04
7.773088771550506392e-06
-2.224968302147664438e-03
-3.293012932315125384e-03
2.027015623746784151e-02
-2.416512762004198456e-02
-2.228982058143949736e-03
4.366795842595097565e-03
-2.395542539589692551e-04
-2.842747595650230706e-04
-8.721656666778186857e-04
-1.543544483627178445e-03
-6.353185718985698144e-03
1.440807262923067978e-03
-1.543850855966729697e-02
5.041856209454935109e-03
6.754753846629460434e-02
1.149589389434835761e-02
-3.034966590296421865e-02
3.670886201104980699e-03
-2.367655808714922913e-02
-1.167624641463254134e-02
-9.610066938251267052e-03
-3.098205515074028277e-02
5.266390552663141079e-03
-4.497476567491698329e-02
8.508180420219280116e-03
1.453190053528869985e-01
2.591892152101874652e-02
-5.056683199187613637e-02
5.002875462262704187e-03
-2.867389583562453964e-02
-1.362554968467947179e-02
-8.066363072968962475e-03
-2.458494651402041639e-02
3.253354400538927080e-03
-2.125747642034604354e-02
1.487560532169412888e-03
2.595814961766766335e-02
2.502615868295208438e-04
9.354617935871367349e-03
-1.861401966233017366e-03
1.817691199496962798e-02
1.415491868757178494e-02
9.915264703938709429e-03
4.768174742133526184e-02
-8.396407901497730461e-03
8.171535187386987087e-02
-8.654958632247546774e-04
-3.536699916667462862e-01
-9.624773204145840866e-02
1.622439642850568298e-01
-1.487871080566922043e-02
1.072223162068771801e-01
7.211388448433914133e-02
3.496250603232403664e-02
1.648034130291400057e-01
-2.372876427510041755e-02
2.136722141554849852e-01
1.903997545497827099e-02
-8.016389006482690371e-01
-2.306702399179964280e-01
3.259441177622466879e-01
-2.432040652997431718e-02
1.815622843114327312e-01
1.278781539611275886e-01
4.885482188736062908e-02
2.509536271760662296e-01
-3.118090852145294356e-02
2.816373605235923394e-01
5.205968617962012518e-02
-1.000000000000000000e+00
-3.105167792959937501e-01
3.814689586235606167e-01
-2.258283969065376026e-02
1.861653930232514687e-01
1.392449895500913193e-01
4.214606545468196908e-02
2.400345851852810630e-01
-2.520425402422618935e-02
2.357912119663358730e-01
6.572084864304678087e-02
-7.969561774925074671e-01
-2.644828893494815536e-01
2.840542047734901931e-01
-1.232530022513428358e-02
1.200351372579744336e-01
9.451289458543704614e-02
2.223611369806935065e-02
1.398260692511468506e-01
-1.174330143984012725e-02
1.157160461269177293e-01
4.190885459489462200e-02
-3.531102008202881559e-01
-1.198849808632780206e-01
1.083197338180137276e-01
-2.825571767698122332e-03
3.490552267554750121e-02
2.641681347497210064e-02
4.232150753070140596e-03
2.501428931127164940e-02
-1.219047137542152159e-03
8.333674333772394388e-03
8.427114537573950504e-04
1.775756867476239315e-02
1.673502153729998151e-02
-2.393154548844496701e-02
4.211439857995846118e-04
-1.569373533193418185e-02
-1.835501565841708357e-02
-3.301816982641667206e-03
-3.385452457329687914e-02
1.884399258546279798e-03
-3.244945173933090621e-02
-2.148447255230444969e-02
1.350145218855056117e-01
6.200794786211311777e-02
-5.399530606178130215e-02
-2.484063349465148664e-04
-2.018018348551231869e-02
-2.178609483973972111e-02
-2.630729705118385608e-03
-2.834236306416084566e-02
8.079852797872321161e-04
-1.954510132340984280e-02
-1.375948744341340228e-02
6.433948646960842288e-02
2.772096674194154259e-02
-1.898172822450666999e-02
-3.750683118534209022e-04
-4.331032061992908487e-03
-3.763310264119377590e-03
-2.138881668646271464e-04
-9.345102820960889426e-04
-7.773088771550506392e-06
2.224968302147664438e-03
3.293012932315125384e-03
-2.027015623746784151e-02
2.416512762004198456e-02
2.228982058143949736e-03
-4.366795842595097565e-03
2.395542539589692551e-04
2.842747595650230706e-04
8.721656666778186857e-04
1.543544483627178445e-03
6.353185718985698144e-03
-1.440807262923067978e-03
1.543850855966729697e-02
-5.041856209454935109e-03
-6.754753846629460434e-02
-1.149589389434835761e-02
3.034966590296421865e-02
-3.670886201104980699e-03
2.367655808714922913e-02
1.167624641463254134e-02
9.610066938251267052e-03
3.098205515074028277e-02
-5.266390552663141079e-03
4.497476567491698329e-02
-8.508180420219280116e-03
-1.453190053528869985e-01
-2.591892152101874652e-02
5.056683199187613637e-02
-5.002875462262704187e-03
2.867389583562453964e-02
1.362554968467947179e-02
8.066363072968962475e-03
2.458494651402041639e-02
-3.253354400538927080e-03
2.125747642034604354e-02
-1.487560532169412888e-03
-2.595814961766766335e-02
-2.502615868295208438e-04
-9.354617935871367349e-03
1.861401966233017366e-03
-1.817691199496962798e-02
-1.415491868757178494e-02
-9.915264703938709429e-03
-4.768174742133526184e-02
8.396407901497730461e-03
-8.171535187386987087e-02
8.654958632247546774e-04
3.536699916667462862e-01
9.624773204145840866e-02
-1.622439642850568298e-01
1.487871080566922043e-02
-1.072223162068771801e-01
-7.211388448433914133e-02
-3.496250603232403664e-02
-1.648034130291400057e-01
2.372876427510041755e-02
-2.136722141554849852e-01
-1.903997545497827099e-02
8.016389006482690371e-01
2.306702399179964280e-01
-3.259441177622466879e-01
2.432040652997431718e-02
-1.815622843114327312e-01
-1.278781539611275886e-01
-4.885482188736062908e-02
-2.509536271760662296e-01
3.118090852145294356e-02
-2.816373605235923394e-01
-5.205968617962012518e-02
1.000000000000000000e+00
3.105167792959937501e-01
-3.814689586235606167e-01
2.258283969065376026e-02
-1.861653930232514687e-01
-1.392449895500913193e-01
-4.214606545468196908e-02
-2.400345851852810630e-01
2.520425402422618935e-02
-2.357912119663358730e-01
-6.572084864304678087e-02
7.969561774925074671e-01
2.644828893494815536e-01
-2.840542047734901931e-01
1.232530022513428358e-02
-1.200351372579744336e-01
-9.451289458543704614e-02
-2.223611369806935065e-02
-1.398260692511468506e-01
1.174330143984012725e-02
-1.157160461269177293e-01
-4.190885459489462200e-02
3.531102008202881559e-01
1.198849808632780206e-01
-1.083197338180137276e-01
2.825571767698122332e-03
-3.490552267554750121e-02
-2.641681347497210064e-02
-4.232150753070140596e-03
-2.501428931127164940e-02
1.219047137542152159e-03
-8.333674333772394388e-03
-8.427114537573950504e-04
-1.775756867476239315e-02
-1.673502153729998151e-02
2.393154548844496701e-02
-4.211439857995846118e-04
1.569373533193418185e-02
1.835501565841708357e-02
3.301816982641667206e-03
3.385452457329687914e-02
-1.884399258546279798e-03
3.244945173933090621e-02
2.148447255230444969e-02
-1.350145218855056117e-01
-6.200794786211311777e-02
5.399530606178130215e-02
2.484063349465148664e-04
2.018018348551231869e-02
2.178609483973972111e-02
2.630729705118385608e-03
2.834236306416084566e-02
-8.079852797872321161e-04
1.954510132340984280e-02
1.375948744341340228e-02
-6.433948646960842288e-02
-2.772096674194154259e-02
1.898172822450666999e-02
3.750683118534209022e-04
4.331032061992908487e-03
3.763310264119377590e-03
2.138881668646271464e-04
9.345102820960889426e-04
7.773088771550506392e-06
-2.224968302147664438e-03
-3.293012932315125384e-03
2.027015623746784151e-02
-2.416512762004198456e-02
-2.228982058143949736e-03
4.366795842595097565e-03
-2.395542539589692551e-04
-2.842747595650230706e-04
-8.721656666778186857e-04
-1.543544483627178445e-03
-6.353185718985698144e-03
1.440807262923067978e-03
-1.543850855966729697e-02
5.041856209454935109e-03
6.754753846629460434e-02
1.149589389434835761e-02
-3.034966590296421865e-02
3.670886201104980699e-03
-2.367655808714922913e-02
-1.167624641463254134e-02
-9.610066938251267052e-03
-3.098205515074028277e-02
5.266390552663141079e-03
-4.497476567491698329e-02
8.508180420219280116e-03
1.453190053528869985e-01
2.591892152101874652e-02
-5.056683199187613637e-02
5.002875462262704187e-03
-2.867389583562453964e-02
-1.362554968467947179e-02
-8.066363072968962475e-03
-2.458494651402041639e-02
3.253354400538927080e-03
-2.125747642034604354e-02
1.487560532169412888e-03
2.595814961766766335e-02
2.502615868295208438e-04
9.354617935871367349e-03
-1.861401966233017366e-03
1.817691199496962798e-02
1.415491868757178494e-02
9.915264703938709429e-03
4.768174742133526184e-02
-8.396407901497730461e-03
8.171535187386987087e-02
-8.654958632247546774e-04
-3.536699916667462862e-01
-9.624773204145840866e-02
1.622439642850568298e-01
-1.487871080566922043e-02
1.072223162068771801e-01
7.211388448433914133e-02
3.496250603232403664e-02
1.648034130291400057e-01
-2.372876427510041755e-02
2.136722141554849852e-01
1.903997545497827099e-02
-8.016389006482690371e-01
-2.306702399179964280e-01
3.259441177622466879e-01
-2.432040652997431718e-02
1.815622843114327312e-01
1.278781539611275886e-01
4.885482188736062908e-02
2.509536271760662296e-01
-3.118090852145294356e-02
2.816373605235923394e-01
5.205968617962012518e-02
-1.000000000000000000e+00
-3.105167792959937501e-01
3.814689586235606167e-01
-2.258283969065376026e-02
1.861653930232514687e-01
1.392449895500913193e-01
4.214606545468196908e-02
2.400345851852810630e-01
-2.520425402422618935e-02
2.357912119663358730e-01
6.572084864304678087e-02
-7.969561774925074671e-01
-2.644828893494815536e-01
2.840542047734901931e-01
-1.232530022513428358e-02
1.200351372579744336e-01
9.451289458543704614e-02
2.223611369806935065e-02
1.398260692511468506e-01
-1.174330143984012725e-02
1.157160461269177293e-01
4.190885459489462200e-02
-3.531102008202881559e-01
-1.198849808632780206e-01
1.083197338180137276e-01
-2.825571767698122332e-03
3.490552267554750121e-02
2.641681347497210064e-02
4.232150753070140596e-03
2.501428931127164940e-02
-1.219047137542152159e-03
8.333674333772394388e-03
8.427114537573950504e-04
1.775756867476239315e-02
1.673502153729998151e-02
-2.393154548844496701e-02
4.211439857995846118e-04
-1.569373533193418185e-02
-1.835501565841708357e-02
-3.301816982641667206e-03
-3.385452457329687914e-02
1.884399258546279798e-03
-3.244945173933090621e-02
-2.148447255230444969e-02
1.350145218855056117e-01
6.200794786211311777e-02
-5.399530606178130215e-02
-2.484063349465148664e-04
-2.018018348551231869e-02
-2.178609483973972111e-02
-2.630729705118385608e-03
-2.834236306416084566e-02
8.079852797872321161e-04
-1.954510132340984280e-02
-1.375948744341340228e-02
6.433948646960842288e-02
2.772096674194154259e-02
-1.898172822450666999e-02
-3.750683118534209022e-04
-4.331032061992908487e-03
-3.763310264119377590e-03
-2.138881668646271464e-04
-9.345102820960889426e-04
-7.773088771550506392e-06
2.224968302147664438e-03
3.293012932315125384e-03
-2.027015623746784151e-02
-2.416512762004198456e-02
-2.228982058143949736e-03
4.366795842595097565e-03
-2.395542539589692551e-04
-2.842747595650230706e-04
-8.721656666778186857e-04
-1.543544483627178445e-03
-6.353185718985698144e-03
1.440807262923067978e-03
-1.543850855966729697e-02
5.041856209454935109e-03
6.754753846629460434e-02
1.149589389434835761e-02
-3.034966590296421865e-02
3.670886201104980699e-03
-2.367655808714922913e-02
-1.167624641463254134e-02
-9.610066938251267052e-03
-3.098205515074028277e-02
5.266390552663141079e-03
-4.497476567491698329e-02
8.508180420219280116e-03
1.453190053528869985e-01
2.591892152101874652e-02
-5.056683199187613637e-02
5.002875462262704187e-03
-2.867389583562453964e-02
-1.362554968467947179e-02
-8.066363072968962475e-03
-2.458494651402041639e-02
3.253354400538927080e-03
-2.125747642034604354e-02
1.487560532169412888e-03
2.595814961766766335e-02
2.502615868295208438e-04
9.354617935871367349e-03
-1.861401966233017366e-03
1.817691199496962798e-02
1.415491868757178494e-02
9.915264703938709429e-03
4.768174742133526184e-02
-8.396407901497730461e-03
8.171535187386987087e-02
-8.654958632247546774e-04
-3.536699916667462862e-01
-9.624773204145840866e-02
1.622439642850568298e-01
-1.487871080566922043e-02
1.072223162068771801e-01
7.211388448433914133e-02
3.496250603232403664e-02
1.648034130291400057e-01
-2.372876427510041755e-02
2.136722141554849852e-01
1.903997545497827099e-02
-8.016389006482690371e-01
-2.306702399179964280e-01
3.259441177622466879e-01
-2.432040652997431718e-02
1.815622843114327312e-01
1.278781539611275886e-01
4.885482188736062908e-02
2.509536271760662296e-01
-3.118090852145294356e-02
2.816373605235923394e-01
5.205968617962012518e-02
-1.000000000000000000e+00
-3.105167792959937501e-01
3.814689586235606167e-01
-2.258283969065376026e-02
1.861653930232514687e-01
1.392449895500913193e-01
4.214606545468196908e-02
2.400345851852810630e-01
-2.520425402422618935e-02
2.357912119663358730e-01
6.572084864304678087e-02
-7.969561774925074671e-01
-2.644828893494815536e-01
2.840542047734901931e-01
-1.232530022513428358e-02
1.200351372579744336e-01
9.451289458543704614e-02
2.223611369806935065e-02
1.398260692511468506e-01
-1.174330143984012725e-02
1.157160461269177293e-01
4.190885459489462200e-02
-3.531102008202881559e-01
-1.198849808632780206e-01
1.083197338180137276e-01
-2.825571767698122332e-03
3.490552267554750121e-02
2.641681347497210064e-02
4.232150753070140596e-03
2.501428931127164940e-02
-1.219047137542152159e-03
8.333674333772394388e-03
8.427114537573950504e-04
1.775756867476239315e-02
1.673502153729998151e-02
-2.393154548844496701e-02
4.211439857995846118e-04
-1.569373533193418185e-02
-1.835501565841708357e-02
-3.301816982641667206e-03
-3.385452457329687914e-02
1.884399258546279798e-03
-3.244945173933090621e-02
-2.148447255230444969e-02
1.350145218855056117e-01
6.200794786211311777e-02
-5.399530606178130215e-02
-2.484063349465148664e-04
-2.018018348551231869e-02
-2.178609483973972111e-02
-2.630729705118385608e-03
-2.834236306416084566e-02
8.079852797872321161e-04
-1.954510132340984280e-02
-1.375948744341340228e-02
6.433948646960842288e-02
2.772096674194154259e-02
-1.898172822450666999e-02
-3.750683118534209022e-04
-4.331032061992908487e-03
-3.763310264119377590e-03
-2.138881668646271464e-04
-9.345102820960889426e-04
-7.773088771550506392e-06
2.224968302147664438e-03
3.293012932315125384e-03
-2.027015623746784151e-02
2.416512762004198456e-02
2.228982058143949736e-03
-4.366795842595097565e-03
2.395542539589692551e-04
2.842747595650230706e-04
8.721656666778186857e-04
1.543544483627178445e-03
6.353185718985698144e-03
-1.440807262923067978e-03
1.543850855966729697e-02
-5.041856209454935109e-03
-6.754753846629460434e-02
-1.149589389434835761e-02
3.034966590296421865e-02
-3.670886201104980699e-03
2.367655808714922913e-02
1.167624641463254134e-02
9.610066938251267052e-03
3.098205515074028277e-02
-5.266390552663141079e-03
4.497476567491698329e-02
-8.508180420219280116e-03
-1.453190053528869985e-01
-2.591892152101874652e-02
5.056683199187613637e-02
-5.002875462262704187e-03
2.867389583562453964e-02
1.362554968467947179e-02
8.066363072968962475e-03
2.458494651402041639e-02
-3.253354400538927080e-03
2.125747642034604354e-02
-1.487560532169412888e-03
-2.595814961766766335e-02
-2.502615868295208438e-04
-9.354617935871367349e-03
1.861401966233017366e-03
-1.817691199496962798e-02
-1.415491868757178494e-02
-9.915264703938709429e-03
-4.768174742133526184e-02
8.396407901497730461e-03
-8.171535187386987087e-02
8.654958632247546774e-04
3.536699916667462862e-01
9.624773204145840866e-02
-1.622439642850568298e-01
1.487871080566922043e-02
-1.072223162068771801e-01
-7.211388448433914133e-02
-3.496250603232403664e-02
-1.648034130291400057e-01
2.372876427510041755e-02
-2.136722141554849852e-01
-1.903997545497827099e-02
8.016389006482690371e-01
2.306702399179964280e-01
-3.259441177622466879e-01
2.432040652997431718e-02
-1.815622843114327312e-01
-1.278781539611275886e-01
-4.885482188736062908e-02
-2.509536271760662296e-01
3.118090852145294356e-02
-2.816373605235923394e-01
-5.205968617962012518e-02
1.000000000000000000e+00
3.105167792959937501e-01
-3.814689586235606167e-01
2.258283969065376026e-02
-1.861653930232514687e-01
-1.392449895500913193e-01
-4.214606545468196908e-02
-2.400345851852810630e-01
2.520425402422618935e-02
-2.357912119663358730e-01
-6.572084864304678087e-02
7.969561774925074671e-01
2.644828893494815536e-01
-2.840542047734901931e-01
1.232530022513428358e-02
-1.200351372579744336e-01
-9.451289458543704614e-02
-2.223611369806935065e-02
-1.398260692511468506e-01
1.174330143984012725e-02
-1.157160461269177293e-01
-4.190885459489462200e-02
3.531102008202881559e-01
1.198849808632780206e-01
-1.083197338180137276e-01
2.825571767698122332e-03
-3.490552267554750121e-02
-2.641681347497210064e-02
-4.232150753070140596e-03
-2.501428931127164940e-02
1.219047137542152159e-03
-8.333674333772394388e-03
-8.427114537573950504e-04
-1.775756867476239315e-02
-1.673502153729998151e-02
2.393154548844496701e-02
-4.211439857995846118e-04
1.569373533193418185e-02
1.835501565841708357e-02
3.301816982641667206e-03
3.385452457329687914e-02
-1.884399258546279798e-03
3.244945173933090621e-02
2.148447255230444969e-02
-1.350145218855056117e-01
-6.200794786211311777e-02
5.399530606178130215e-02
2.484063349465148664e-04
2.018018348551231869e-02
2.178609483973972111e-02
2.630729705118385608e-03
2.834236306416084566e-02
-8.079852797872321161e-04
1.954510132340984280e-02
1.375948744341340228e-02
-6.433948646960842288e-02
-2.772096674194154259e-02
1.898172822450666999e-02
3.750683118534209022e-04
4.331032061992908487e-03
3.763310264119377590e-03
2.138881668646271464e-04
9.345102820960889426e-04
7.773088771550506392e-06
-2.224968302147664438e-03
-3.293012932315125384e-03
2.027015623746784151e-02
2.416512762004198456e-02
2.228982058143949736e-03
-4.366795842595097565e-03
2.395542539589692551e-04
2.842747595650230706e-04
8.721656666778186857e-04
1.543544483627178445e-03
6.353185718985698144e-03
-1.440807262923067978e-03
1.543850855966729697e-02
-5.041856209454935109e-03
-6.754753846629460434e-02
-1.149589389434835761e-02
3.034966590296421865e-02
-3.670886201104980699e-03
2.367655808714922913e-02
1.167624641463254134e-02
9.610066938251267052e-03
3.098205515074028277e-02
-5.266390552663141079e-03
4.497476567491698329e-02
-8.508180420219280116e-03
-1.453190053528869985e-01
-2.591892152101874652e-02
5.056683199187613637e-02
-5.002875462262704187e-03
2.867389583562453964e-02
1.362554968467947179e-02
8.066363072968962475e-03
2.458494651402041639e-02
-3.253354400538927080e-03
2.125747642034604354e-02
-1.487560532169412888e-03
-2.595814961766766335e-02
-2.502615868295208438e-04
-9.354617935871367349e-03
1.861401966233017366e-03
-1.817691199496962798e-02
-1.415491868757178494e-02
-9.915264703938709429e-03
-4.768174742133526184e-02
8.396407901497730461e-03
-8.171535187386987087e-02
8.654958632247546774e-04
3.536699916667462862e-01
9.624773204145840866e-02
-1.622439642850568298e-01
1.487871080566922043e-02
-1.072223162068771801e-01
-7.211388448433914133e-02
-3.496250603232403664e-02
-1.648034130291400057e-01
2.372876427510041755e-02
-2.136722141554849852e-01
-1.903997545497827099e-02
8.016389006482690371e-01
2.306702399179964280e-01
-3.259441177622466879e-01
2.432040652997431718e-02
-1.815622843114327312e-01
-1.278781539611275886e-01
-4.885482188736062908e-02
-2.509536271760662296e-01
3.118090852145294356e-02
-2.816373605235923394e-01
-5.205968617962012518e-02
1.000000000000000000e+00
3.105167792959937501e-01
-3.814689586235606167e-01
2.258283969065376026e-02
-1.861653930232514687e-01
-1.392449895500913193e-01
-4.214606545468196908e-02
-2.400345851852810630e-01
2.520425402422618935e-02
-2.357912119663358730e-01
-6.572084864304678087e-02
7.969561774925074671e-01
2.644828893494815536e-01
-2.840542047734901931e-01
1.232530022513428358e-02
-1.200351372579744336e-01
-9.451289458543704614e-02
-2.223611369806935065e-02
-1.398260692511468506e-01
1.174330143984012725e-02
-1.157160461269177293e-01
-4.190885459489462200e-02
3.531102008202881559e-01
1.198849808632780206e-01
-1.083197338180137276e-01
2.825571767698122332e-03
-3.490552267554750121e-02
-2.641681347497210064e-02
-4.232150753070140596e-03
-2.501428931127164940e-02
1.219047137542152159e-03
-8.333674333772394388e-03
-8.427114537573950504e-04
-1.775756867476239315e-02
-1.673502153729998151e-02
2.393154548844496701e-02
-4.211439857995846118e-04
1.569373533193418185e-02
1.835501565841708357e-02
3.301816982641667206e-03
3.385452457329687914e-02
-1.884399258546279798e-03
3.244945173933090621e-02
2.148447255230444969e-02
-1.350145218855056117e-01
-6.200794786211311777e-02
5.399530606178130215e-02
2.484063349465148664e-04
2.018018348551231869e-02
2.178609483973972111e-02
2.630729705118385608e-03
2.834236306416084566e-02
-8.079852797872321161e-04
1.954510132340984280e-02
1.375948744341340228e-02
-6.433948646960842288e-02
-2.772096674194154259e-02
1.898172822450666999e-02
3.750683118534209022e-04
4.331032061992908487e-03
3.763310264119377590e-03
2.138881668646271464e-04
9.345102820960889426e-04
7.773088771550506392e-06
-2.224968302147664438e-03
-3.293012932315125384e-03
2.027015623746784151e-02
2.416512762004198456e-02
2.228982058143949736e-03
-4.366795842595097565e-03
2.395542539589692551e-04
2.842747595650230706e-04
8.721656666778186857e-04
1.543544483627178445e-03
6.353185718985698144e-03
-1.440807262923067978e-03
1.543850855966729697e-02
-5.041856209454935109e-03
-6.754753846629460434e-02
-1.149589389434835761e-02
3.034966590296421865e-02
-3.670886201104980699e-03
2.367655808714922913e-02
1.167624641463254134e-02
9.610066938251267052e-03
3.098205515074028277e-02
-5.266390552663141079e-03
4.497476567491698329e-02
-8.508180420219280116e-03
-1.453190053528869985e-01
-2.591892152101874652e-02
5.056683199187613637e-02
-5.002875462262704187e-03
2.867389583562453964e-02
1.362554968467947179e-02
8.066363072968962475e-03
2.458494651402041639e-02
-3.253354400538927080e-03
2.125747642034604354e-02
-1.487560532169412888e-03
-2.595814961766766335e-02
-2.502615868295208438e-04
-9.354617935871367349e-03
1.861401966233017366e-03
-1.817691199496962798e-02
-1.415491868757178494e-02
-9.915264703938709429e-03
-4.768174742133526184e-02
8.396407901497730461e-03
-8.171535187386987087e-02
8.654958632247546774e-04
3.536699916667462862e-01
9.624773204145840866e-02
-1.622439642850568298e-01
1.487871080566922043e-02
-1.072223162068771801e-01
-7.211388448433914133e-02
-3.496250603232403664e-02
-1.648034130291400057e-01
2.372876427510041755e-02
-2.136722141554849852e-01
-1.903997545497827099e-02
8.016389006482690371e-01
2.306702399179964280e-01
-3.259441177622466879e-01
2.432040652997431718e-02
-1.815622843114327312e-01
-1.278781539611275886e-01
-4.885482188736062908e-02
-2.509536271760662296e-01
3.118090852145294356e-02
-2.816373605235923394e-01
-5.205968617962012518e-02
1.000000000000000000e+00
3.105167792959937501e-01
-3.814689586235606167e-01
2.258283969065376026e-02
-1.861653930232514687e-01
-1.392449895500913193e-01
-4.214606545468196908e-02
-2.400345851852810630e-01
2.520425402422618935e-02
-2.357912119663358730e-01
-6.572084864304678087e-02
7.969561774925074671e-01
2.644828893494815536e-01
-2.840542047734901931e-01
1.232530022513428358e-02
-1.200351372579744336e-01
-9.451289458543704614e-02
-2.223611369806935065e-02
-1.398260692511468506e-01
1.174330143984012725e-02
-1.157160461269177293e-01
-4.190885459489462200e-02
3.531102008202881559e-01
1.198849808632780206e-01
-1.083197338180137276e-01
2.825571767698122332e-03
-3.490552267554750121e-02
-2.641681347497210064e-02
-4.232150753070140596e-03
-2.501428931127164940e-02
1.219047137542152159e-03
-8.333674333772394388e-03
-8.427114537573950504e-04
-1.775756867476239315e-02
-1.673502153729998151e-02
2.393154548844496701e-02
-4.211439857995846118e-04
1.569373533193418185e-02
1.835501565841708357e-02
3.301816982641667206e-03
3.385452457329687914e-02
-1.884399258546279798e-03
3.244945173933090621e-02
2.148447255230444969e-02
-1.350145218855056117e-01
-6.200794786211311777e-02
5.399530606178130215e-02
2.484063349465148664e-04
2.018018348551231869e-02
2.178609483973972111e-02
2.630729705118385608e-03
2.834236306416084566e-02
-8.079852797872321161e-04
1.954510132340984280e-02
1.375948744341340228e-02
-6.433948646960842288e-02
-2.772096674194154259e-02
1.898172822450666999e-02
3.750683118534209022e-04
4.331032061992908487e-03
3.763310264119377590e-03
2.138881668646271464e-04
9.345102820960889426e-04
7.773088771550506392e-06
-2.224968302147664438e-03
-3.293012932315125384e-03
2.027015623746784151e-02
-2.416512762004198456e-02
-2.228982058143949736e-03
4.366795842595097565e-03
-2.395542539589692551e-04
-2.842747595650230706e-04
-8.721656666778186857e-04
-1.543544483627178445e-03
-6.353185718985698144e-03
1.440807262923067978e-03
-1.543850855966729697e-02
5.041856209454935109e-03
6.754753846629460434e-02
1.149589389434835761e-02
-3.034966590296421865e-02
3.670886201104980699e-03
-2.367655808714922913e-02
-1.167624641463254134e-02
-9.610066938251267052e-03
-3.098205515074028277e-02
5.266390552663141079e-03
-4.497476567491698329e-02
8.508180420219280116e-03
1.453190053528869985e-01
2.591892152101874652e-02
-5.056683199187613637e-02
5.002875462262704187e-03
-2.867389583562453964e-02
-1.362554968467947179e-02
-8.066363072968962475e-03
-2.458494651402041639e-02
3.253354400538927080e-03
-2.125747642034604354e-02
1.487560532169412888e-03
2.595814961766766335e-02
2.502615868295208438e-04
9.354617935871367349e-03
-1.861401966233017366e-03
1.817691199496962798e-02
1.415491868757178494e-02
9.915264703938709429e-03
4.768174742133526184e-02
-8.396407901497730461e-03
8.171535187386987087e-02
-8.654958632247546774e-04
-3.536699916667462862e-01
-9.624773204145840866e-02
1.622439642850568298e-01
-1.487871080566922043e-02
1.072223162068771801e-01
7.211388448433914133e-02
3.496250603232403664e-02
1.648034130291400057e-01
-2.372876427510041755e-02
2.136722141554849852e-01
1.903997545497827099e-02
-8.016389006482690371e-01
-2.306702399179964280e-01
3.259441177622466879e-01
-2.432040652997431718e-02
1.815622843114327312e-01
1.278781539611275886e-01
4.885482188736062908e-02
2.509536271760662296e-01
-3.118090852145294356e-02
2.816373605235923394e-01
5.205968617962012518e-02
-1.000000000000000000e+00
-3.105167792959937501e-01
3.814689586235606167e-01
-2.258283969065376026e-02
1.861653930232514687e-01
1.392449895500913193e-01
4.214606545468196908e-02
2.400345851852810630e-01
-2.520425402422618935e-02
2.357912119663358730e-01
6.572084864304678087e-02
-7.969561774925074671e-01
-2.644828893494815536e-01
2.840542047734901931e-01
-1.232530022513428358e-02
1.200351372579744336e-01
9.451289458543704614e-02
2.223611369806935065e-02
1.398260692511468506e-01
-1.174330143984012725e-02
1.157160461269177293e-01
4.190885459489462200e-02
-3.531102008202881559e-01
-1.198849808632780206e-01
1.083197338180137276e-01
-2.825571767698122332e-03
3.490552267554750121e-02
2.641681347497210064e-02
4.232150753070140596e-03
2.501428931127164940e-02
-1.219047137542152159e-03
8.333674333772394388e-03
8.427114537573950504e-04
1.775756867476239315e-02
1.673502153729998151e-02
-2.393154548844496701e-02
4.211439857995846118e-04
-1.569373533193418185e-02
-1.835501565841708357e-02
-3.301816982641667206e-03
-3.385452457329687914e-02
1.884399258546279798e-03
-3.244945173933090621e-02
-2.148447255230444969e-02
1.350145218855056117e-01
6.200794786211311777e-02
-5.399530606178130215e-02
-2.484063349465148664e-04
-2.018018348551231869e-02
-2.178609483973972111e-02
-2.630729705118385608e-03
-2.834236306416084566e-02
8.079852797872321161e-04
-1.954510132340984280e-02
-1.375948744341340228e-02
6.433948646960842288e-02
2.772096674194154259e-02
-1.898172822450666999e-02
-3.750683118534209022e-04
-4.331032061992908487e-03
-3.763310264119377590e-03
-2.138881668646271464e-04
-9.345102820960889426e-04
-7.773088771550506392e-06
2.224968302147664438e-03
3.293012932315125384e-03
-2.027015623746784151e-02
2.416512762004198456e-02
2.228982058143949736e-03
-4.366795842595097565e-03
2.395542539589692551e-04
2.842747595650230706e-04
8.721656666778186857e-04
1.543544483627178445e-03
6.353185718985698144e-03
-1.440807262923067978e-03
1.543850855966729697e-02
-5.041856209454935109e-03
-6.754753846629460434e-02
-1.149589389434835761e-02
3.034966590296421865e-02
-3.670886201104980699e-03
2.367655808714922913e-02
1.167624641463254134e-02
9.610066938251267052e-03
3.098205515074028277e-02
-5.266390552663141079e-03
4.497476567491698329e-02
-8.508180420219280116e-03
-1.453190053528869985e-01
-2.591892152101874652e-02
5.056683199187613637e-02
-5.002875462262704187e-03
2.867389583562453964e-02
1.362554968467947179e-02
8.066363072968962475e-03
2.458494651402041639e-02
-3.253354400538927080e-03
2.125747642034604354e-02
-1.487560532169412888e-03
-2.595814961766766335e-02
-2.502615868295208438e-04
-9.354617935871367349e-03
1.861401966233017366e-03
-1.817691199496962798e-02
-1.415491868757178494e-02
-9.915264703938709429e-03
-4.768174742133526184e-02
8.396407901497730461e-03
-8.171535187386987087e-02
8.654958632247546774e-04
3.536699916667462862e-01
9.624773204145840866e-02
-1.622439642850568298e-01
1.487871080566922043e-02
-1.072223162068771801e-01
-7.211388448433914133e-02
-3.496250603232403664e-02
-1.648034130291400057e-01
2.372876427510041755e-02
-2.136722141554849852e-01
-1.903997545497827099e-02
8.016389006482690371e-01
2.306702399179964280e-01
-3.259441177622466879e-01
2.432040652997431718e-02
-1.815622843114327312e-01
-1.278781539611275886e-01
-4.885482188736062908e-02
-2.509536271760662296e-01
3.118090852145294356e-02
-2.816373605235923394e-01
-5.205968617962012518e-02
1.000000000000000000e+00
3.105167792959937501e-01
-3.814689586235606167e-01
2.258283969065376026e-02
-1.861653930232514687e-01
-1.392449895500913193e-01
-4.214606545468196908e-02
-2.400345851852810630e-01
2.520425402422618935e-02
-2.357912119663358730e-01
-6.572084864304678087e-02
7.969561774925074671e-01
2.644828893494815536e-01
-2.840542047734901931e-01
1.232530022513428358e-02
-1.200351372579744336e-01
-9.451289458543704614e-02
-2.223611369806935065e-02
-1.398260692511468506e-01
1.174330143984012725e-02
-1.157160461269177293e-01
-4.190885459489462200e-02
3.531102008202881559e-01
1.198849808632780206e-01
-1.083197338180137276e-01
2.825571767698122332e-03
-3.490552267554750121e-02
-2.641681347497210064e-02
-4.232150753070140596e-03
-2.501428931127164940e-02
1.219047137542152159e-03
-8.333674333772394388e-03
-8.427114537573950504e-04
-1.775756867476239315e-02
-1.673502153729998151e-02
2.393154548844496701e-02
-4.211439857995846118e-04
1.569373533193418185e-02
1.835501565841708357e-02
3.301816982641667206e-03
3.385452457329687914e-02
-1.884399258546279798e-03
3.244945173933090621e-02
2.148447255230444969e-02
-1.350145218855056117e-01
-6.200794786211311777e-02
5.399530606178130215e-02
2.484063349465148664e-04
2.018018348551231869e-02
2.178609483973972111e-02
2.630729705118385608e-03
2.834236306416084566e-02
-8.079852797872321161e-04
1.954510132340984280e-02
1.375948744341340228e-02
-6.433948646960842288e-02
-2.772096674194154259e-02
1.898172822450666999e-02
3.750683118534209022e-04
4.331032061992908487e-03
3.763310264119377590e-03
2.138881668646271464e-04
9.345102820960889426e-04
7.773088771550506392e-06
-2.224968302147664438e-03
-3.293012932315125384e-03
2.027015623746784151e-02
-1.000000000000000000e+00
-1.000000000000000000e+00
-1.000000000000000000e+00
-1.000000000000000000e+00
1.000000000000000000e+00
1.000000000000000000e+00
1.000000000000000000e+00
-1.000000000000000000e+00
-1.000000000000000000e+00
1.000000000000000000e+00
1.000000000000000000e+00
-1.000000000000000000e+00
-1.000000000000000000e+00
-1.000000000000000000e+00
-1.000000000000000000e+00
-1.000000000000000000e+00
-1.000000000000000000e+00
-1.000000000000000000e+00
1.000000000000000000e+00
1.000000000000000000e+00
1.000000000000000000e+00
1.000000000000000000e+00
1.000000000000000000e+00
-1.000000000000000000e+00
-1.000000000000000000e+00
1.000000000000000000e+00
1.000000000000000000e+00
-1.000000000000000000e+00
-1.000000000000000000e+00
-1.000000000000000000e+00
1.000000000000000000e+00
-1.000000000000000000e+00
-1.000000000000000000e+00
1.000000000000000000e+00
1.000000000000000000e+00
1.000000000000000000e+00
1.000000000000000000e+00
1.000000000000000000e+00
1.000000000000000000e+00
1.000000000000000000e+00
-1.000000000000000000e+00
-1.000000000000000000e+00
-1.000000000000000000e+00
1.000000000000000000e+00
1.000000000000000000e+00
1.000000000000000000e+00
-1.000000000000000000e+00
1.000000000000000000e+00
-1.000000000000000000e+00
-1.000000000000000000e+00
1.000000000000000000e+00
1.000000000000000000e+00
-1.000000000000000000e+00
1.000000000000000000e+00
-1.000000000000000000e+00
1.000000000000000000e+00
1.000000000000000000e+00
1.000000000000000000e+00
1.000000000000000000e+00
1.000000000000000000e+00
1.000000000000000000e+00
1.000000000000000000e+00
-1.000000000000000000e+00
1.000000000000000000e+00
1.000000000000000000e+00
-1.000000000000000000e+00
1.000000000000000000e+00
1.000000000000000000e+00
-1.000000000000000000e+00
-1.000000000000000000e+00
-1.000000000000000000e+00
1.000000000000000000e+00
1.000000000000000000e+00
-1.000000000000000000e+00
1.000000000000000000e+00
-1.000000000000000000e+00
1.000000000000000000e+00
-1.000000000000000000e+00
-1.000000000000000000e+00
1.000000000000000000e+00
-1.000000000000000000e+00
1.000000000000000000e+00
-1.000000000000000000e+00
1.000000000000000000e+00
-1.000000000000000000e+00
1.000000000000000000e+00
-1.000000000000000000e+00
1.000000000000000000e+00
1.000000000000000000e+00
1.000000000000000000e+00
1.000000000000000000e+00
-1.000000000000000000e+00
1.000000000000000000e+00
1.000000000000000000e+00
-1.000000000000000000e+00
1.000000000000000000e+00
-1.000000000000000000e+00
-1.000000000000000000e+00
1.000000000000000000e+00
1.000000000000000000e+00
-1.000000000000000000e+00
-1.000000000000000000e+00
-1.000000000000000000e+00
-1.000000000000000000e+00
-1.000000000000000000e+00
1.000000000000000000e+00
1.000000000000000000e+00
1.000000000000000000e+00
-1.000000000000000000e+00
-1.000000000000000000e+00
-1.000000000000000000e+00
-1.000000000000000000e+00
-1.000000000000000000e+00
1.000000000000000000e+00
1.000000000000000000e+00
1.000000000000000000e+00
-1.000000000000000000e+00
1.000000000000000000e+00
-1.000000000000000000e+00
1.000000000000000000e+00
1.000000000000000000e+00
-1.000000000000000000e+00
-1.000000000000000000e+00
-1.000000000000000000e+00
1.000000000000000000e+00
1.000000000000000000e+00
-1.000000000000000000e+00
-1.000000000000000000e+00
1.000000000000000000e+00
1.000000000000000000e+00
-1.000000000000000000e+00
1.000000000000000000e+00
1.000000000000000000e+00
